OPEN_WEATHER_MAP_API_KEY=706b7f24f0a16d8a55b32242005179ba
PK_LAT=24.328233
PK_LON=90.680489